2.7179014374632606
2.0020951832248444
1.6889975839117957
1.3511932029177869
1.5628590940580835
1.2200497350844721
1.0679806896873352
1.093448227006507
1.03655975507911
0.9608583604926849
1.1071234155098506
1.5111123119418686
0.9217398747690734
0.8389268888402244
0.7976605061781131
0.868101660196072
0.7500049586501142
0.7810315583142889
1.000502096807637
0.7371612915608972
0.7822269422304147
0.7250239607578018
0.6335617157073777
0.7095493276280014
0.6835878047887874
1.3714827652726982
0.6300174872820903
0.6770340672318012
0.5646363067202002
0.5225140059785093
0.488648918804362
0.5386044532706664
0.4598156513833575
0.4619794202021498
0.4598523254419257
0.4701557973979275
0.43383767957626984
0.4444984242566049
0.45105377374150724
0.4140013711001084
0.41059422384653577
0.4167231700373695
0.4082776312611627
0.3984365028116771
0.41248188913926015
0.386352818322185
0.4018398032097648
0.42767030198442374
0.4100039425070583
0.3875780186322382
0.37816895190264954
0.3945559189714973
0.4133546924194553
0.41140526569900104
0.3777145169925899
0.36591166337508196
0.39140192800113244
0.37555807939038477
0.38903879064542735
0.36718555485207494
0.3628476786308481
0.36217115752686563
0.3894994858801033
0.3829209105231467
0.36524823231949355
0.3492670742263068
0.3521806757400996
0.35202650239544225
0.36988632985935416
0.37841096385831574
0.3486251477031632
0.35537532491371937
0.34952648357687205
0.3501955164024999
0.3574934219414371
0.35286970455720207
0.34215697186523547
0.3560311025069058
0.3431667113670397
0.3397950486810199
0.3616780066653009
0.3585861943235478
0.3597314511976646
0.3494739559625181
0.3332742281482169
0.3663994411103497
0.3441988236012179
0.338738342301781
0.3389914880279584
0.36490328614939344
0.3350827824402088
0.3309608520993452
0.35182264297129084
0.3643336483633264
0.348542050830561
0.34064102938926977
0.3469715693525209
0.3350918243966734
0.33014442686029727
0.3373919236675627
0.3345440862005869
0.3323258255909851
0.33321843660103784
0.3578226783814412
0.34448928642459586
0.35087201160457787
0.3518403698907366
0.34513536734321526
0.34034190292269156
0.34054312638921785
0.34694539179081485
0.3224116472403264
0.3301973838590735
0.3635619551845296
0.33263312011309454
0.37549524936000356
0.32990010920079965
0.32473771209791086
0.32314962430677846
0.3331185965766036
0.327495684213734
0.3482352494431115
0.32281912194164025
0.3323705207035983
0.32630785168930193
0.3346071556748498
0.34593553936474575
0.32511062382158257
0.32761934157712624
0.3462317773468947
0.3387372726696098
0.32236943688476966
0.325792107352606
0.3275766181510128
0.32305166862859946
0.33656942399331935
0.3432541525405952
0.32809846468846465
0.3400366813800657
0.3304152013692466
0.31848888193241537
0.3226768980582119
0.31981855703906936
0.340053520879959
0.3283460481283437
0.3191566751280484
0.33071733876873466
0.3343085085050492
0.3321223141333481
