2.3439697864972384
1.7280174764011778
1.5188823247731493
1.4238728543110215
1.2634161413989262
1.1641096699412428
1.0965255804766378
1.2020925753170277
1.0105856611265376
0.8780253705423335
0.9006545927103785
1.1741359160207971
0.9034598600269689
0.8718062202264691
0.7909362839488611
0.955616243793684
0.9721607671821239
0.8555971651245884
0.7611095052630298
0.7780557207229372
1.033601727254456
0.8209475652108063
0.6344443027844038
0.6750195094720843
0.676190623845351
0.6836010658984837
0.633072001485825
0.627173387320053
0.8868576102437563
0.6400495390863434
0.6035151911371506
0.5873992978451231
0.5854042278408625
0.5637121995481313
0.5602295795647095
0.5607869176617779
0.5435232226351101
0.5422037785169138
0.5365983009966273
0.5337568288010208
0.5593628691583415
0.547131516158721
0.5287607650620723
0.528213141223244
0.5208543659048965
0.5234877491509368
0.5153361896892276
0.5142010422462999
0.5112872607177105
0.5086169217822987
0.5134928853705277
0.5085529640954725
0.5223940427293332
0.5224003149649736
0.5316662989370521
0.49966812991767295
0.5042464796025853
0.49849000335531685
0.5011082802438176
0.49845879791513237
0.49374722566016255
0.49651005651420027
0.4932231995123556
0.4949669273388724
0.49739307421179113
0.4849758121998745
0.4839569793991695
0.5037269659228923
0.4818352736853874
0.4791857050242378
0.48534077826972233
0.4869369005488464
0.5063890282862401
0.4880746056483414
0.4724418788785666
0.4742271143176914
0.4918925083502408
0.470566698141137
0.4890084795502507
0.46582619175136325
0.48370607424546214
0.4666625041672952
0.4643034272711093
0.46139657320583993
0.46490320422908055
0.4660085287155734
0.4656693754392797
0.46228126504026107
0.473589972324257
0.4597982540847341
0.4570603041957609
0.455702183580794
0.4607189810651674
0.462184663410004
0.4573914802027832
0.4509350184807253
0.46171855886601826
0.4539552205598567
0.4544936827706137
0.4538796771575765
0.4760435410310761
0.45996587530613076
0.4482906862829982
0.4425050205292728
0.46046038032775505
0.44695350481939866
0.48336220774623023
0.44521236730153774
0.44242309949052755
0.4436875430303989
0.4416593764259061
0.44863252811771676
0.40730838567090044
0.4327857906760423
0.39624736445944514
0.39995594647192767
0.39544216034788504
0.38908814689267124
0.39467196380279795
0.3920982066363627
0.400377743387273
0.38800486445215493
0.40934968449969494
0.38877638260918823
0.3811632203689363
0.38768673546572296
0.4050493147465822
0.38936757029182484
0.3888255095914172
0.39174975931090184
0.43232121260324297
0.3866740728424829
0.42264218454052116
0.3922524454232229
0.391343977278356
0.383010912982075
0.4112445649838962
0.4175132749039148
0.37946945025115736
0.379278009474817
0.3780071295432722
0.4079063173652045
0.38962422210108366
0.3801727617578563
0.37370572033675087
0.3776427837783867
0.37004195131565965
0.3764733955152435