17.578849569301333
6.992094887016107
5.905848082373048
5.658001360303214
5.741643595227387
5.2682232515765275
5.117508045030974
4.343907201310893
3.7556736758671616
3.332400617393624
3.0475291993047477
3.047107641845811
3.294624293076895
2.9202536927556904
2.537018896789829
2.2016682845242155
1.9219045890850115
1.860713880241577
2.1557398252447997
1.8711140085050846
1.6592256936752101
1.465909970809878
1.4317387137929716
1.2369226440093692
1.437893635314945
1.432809446232827
1.1349520980619292
1.0622606888054613
1.001194432793491
0.947275882934927
1.0216746857870418
1.0186270841504632
0.8635876917634053
0.9042008847271393
0.7799150928253682
0.7251187353507276
0.7822522749113443
0.7322100680107964
0.7124318583412785
0.6539069162848388
0.6251010106112921
0.6023646987291498
0.6344007109358685
0.5982468474334139
0.6261288652947368
0.5657858355344549
0.5896802357183881
0.528019193927694
0.5354237240433606
0.5753009750513375
0.49825524314812947
0.4767838250883568
0.4651258342871012
0.4661178385476389
0.4660119531407453
0.44847436405705843
0.4349561631722115
0.42276293879521165
0.4273309943981696
0.40567103962629436
