15.875821554018637
3.763465640075874
3.759490447745136
3.228596300759212
2.9793205937583545
2.6018689780873125
2.6635874771864163
2.2473599774771857
1.976874069430542
1.89324551231015
1.6187443835802051
1.4774557943720872
1.744421863970961
1.644312700475679
1.439799722988003
1.4443375188013723
1.1619557822822695
1.082869523089977
1.25454542254277
1.1331481602385862
1.0465127342762057
1.0567033864886375
0.9104202821620113
0.8682702035641652
0.9389182083159631
0.9090728700484847
0.8435228044627129
0.7745764523415777
0.7257331726255793
0.7005370666152186
0.7325358535042271
0.6817307235146628
0.6521185484420771
0.6957016212315356
0.6629464870764309
0.6349635069468272
0.595990608985458
0.5691416949613154
0.5948936353757325
0.5319074155367292
0.5793026646187597
0.5161632902221137
0.5079032561324177
0.5032893367698934
0.5000713093412464
0.49274555784843505
0.46770083179647315
0.5050110683479165
0.449224795322325
0.4823146136050913
0.42944713743092744
0.5850787803425621
0.43752276140096946
0.5848226023331504
0.40898575094058215
0.40467896924878005
0.416956265847819
0.3970685192998992
0.40688122966144
0.4425369712793099
