10.912804963041681
2.5887503685660502
1.2826412258960889
1.0718217166542021
0.9215706854056352
0.996831749142984
0.8248390884526937
0.8667615713014613
0.7193103882011488
0.7402380797351024
0.6682512563867927
0.663674269572286
0.6691864692299094
0.6427930280029421
0.5842201536039618
0.5861269372900961
0.6346946607281108
0.5470782289289272
0.6639342557153223
0.5268487602598748
0.5273456153617632
0.5137982299732455
0.490307858486185
0.5120400710031022
0.5007698661983262
0.5286847026628989
0.46254348067505024
0.45433219668393454
0.45132945692870075
0.4530707476114532
0.46120710149434163
0.4421097110700376
0.4400296132954149
0.43830208184520086
0.453403314299722
0.43434499407220134
0.4419195443754399
0.43288898955686533
0.4353118719386822
0.4300958880721177
0.4280191053729013
0.42714815857631333
0.42601500094688166
0.42686048657268316
0.42417641143242774
0.4291089275737438
0.4261446055618683
0.42115664315004536
0.42013680864036806
0.420389812118969
0.42135691975226325
0.4197884506092068
0.4187783225201632
0.4185335557748037
0.4198331725440686
0.4197974853749078
0.41681492280508137
0.4269467197000703
0.41535530965627027
0.41898214384364557
0.41472918230062966
0.4121389418622122
0.4157946620676376
0.41059972329013195
0.41580528625888946
0.4157410064151059
0.40883595088484587
0.4117266812025927
0.4073714127011695
0.4076030236220614
0.40837381415533136
0.40964138391887706
0.40885634132371096
0.40716062451156537
0.40588947706248596
0.40969020119958477
0.40464898732011434
0.4048850209816174
0.4033147219255934
0.4029397018652944
0.4027907984825965
0.405090190578972
0.4013982158917593
0.4031707959297296
0.4014999133709697
0.40774318435999235
0.399615769045372
0.40003193198611087
0.4013927100696936
0.40152790078406125
0.3990665932130974
0.3976832064464416
0.39817893162532964
0.3971455341137246
0.3963882858982767
0.3987680769917674
0.39617225102946385
0.3980295020880994
0.39574992729423286
0.3952659817379424
0.3961845726032137
0.3962353631335513
0.3941250845427366
0.3935430029264223
0.3942428711386853
0.3928498666139573
0.3956012340292611
0.3929957435421936
0.3938401866520645
0.3924132111819215
0.3922311589883414
0.39268966430096
0.3928164330307338
0.39144287723939336
0.3908530195488892
0.39221954022766004
0.39212489721830657
0.39252784384949146
0.39226802580005865
0.38963463985476177
0.39378589396038566
0.38916086251347987
0.3916222068114751
0.38850060910634865
0.38799378433917703
0.3897767762333527
0.387640466089753
0.3890353892913356
0.38830691955269847
0.38793874319298255
0.38633862733283586
0.387850189789293
0.38718161605066714
0.38546328496445875
0.38675271731573296
0.3856502626726497
0.3860668698894882
0.38719927829254386
0.38422866868324135
0.3847010123049609
0.3841703283886754
0.3843245608045627
0.3837605256437373
0.3854145770479537
0.38371959052770827
0.38347712435221315
0.38442439581616134
0.386114916303742
0.38205623730675264
0.3819372474105174
0.38163348927259555
