11.289113006001449
1.4925672948225566
1.1748850667149495
1.0445243200355376
0.9597920406181156
0.9198074387217337
0.9221265348555546
0.8205084859443345
0.7807333177731558
0.7886654723077319
0.7266551365832268
0.7104318436761184
0.7069523880615627
0.6983036009112045
0.6566703534020742
0.663881138268069
0.6366219250047723
0.7003280021070963
0.6397724451516942
0.6154451207147408
0.6516709941359415
0.6235301103307493
0.6108455389125075
0.6324279179817087
0.5827389425267738
0.63222488823331
0.5675301622005077
0.5531184119831021
0.550494511327335
0.5651013934411657
0.622794137449473
0.5456035595000047
0.5296057432938845
0.5361992748505079
0.5147703600130562
0.5122371896921021
0.5115800438332586
0.5095614332229106
0.5077863637116784
0.5084628783908031
0.5085303101839457
0.5072421599165913
0.5049459741569869
0.5031215287366352
0.5022088712205747
0.5018614064785485
0.5014323144713358
0.5025662605180989
0.5011653579768611
0.5002571742820549
0.4999216952952209
0.5013654558109155
0.4986165399273967
0.4982244239458941
0.49687935770527847
0.49657098369990127
0.4967582723480521
0.49587500263586554
0.4978448083368775
0.49895462495023213
0.49467277805840637
0.4949151784468399
0.49413932237519875
0.49593844004829846
0.49221751473881814
0.49895805114601477
0.4931465002119483
0.49109828625591917
0.4906895143439747
0.49004526022311773
0.48967900102713724
0.4918005838283721
0.4955770469383706
0.4888417430938116
0.48835655492508556
0.4910073949908568
0.4879333947936193
0.48768075401582417
0.48715584543247353
0.4884462751164302
0.48732048769229724
0.48633881533724793
0.4858083139338986
0.48770020144590864
0.4881447983334015
0.4864043061062436
0.4924817904353021
0.48493706114834456
0.48616843402690624
0.4854355993005996
0.48376373209022583
0.48317241822216545
0.4832829293307886
0.48241078871706633
0.48295110290580107
0.4818901405002964
0.4818295294233949
0.4824001079853125
0.4808063626152827
0.48126785186509846
0.48091982550992496
0.48001830094772424
0.480092426764748
0.47985965068726955
0.4845983597754664
0.481333059416876
0.48099652151764105
0.47865490452084786
0.478055211933805
0.4814042733192481
0.47822095680401616
0.4776435957505353
0.47818795920451307
0.4794950988751456
0.47746978500473997
0.4767306353790244
0.47664114238633637
0.476247654015157
0.47557902101389726
0.47660772892691716
0.4755144341904728
0.4750462513247429
0.4758148107606803
0.47487581618110236
0.47455237231765357
0.47416356859563835
0.47401054106826707
0.47839166562330687
0.47368485755057393
0.4734483848798746
0.47346514169575865
0.4744670102321686
0.47260689460882227
0.47296245219965233
0.4723923436558622
0.47339579996221864
0.4718105362530509
0.4717495673141612
0.4726634671234522
0.4721908706704159
0.47112739169557666
0.47362682788118504
0.4772127792027033
0.47042907181096866
0.47025269471109865
0.4702263127759858
0.4696876001029426
0.46998269108171037
0.4696231498561828
0.4694278935868399
0.47235944918365513
0.468515853549941
0.46891699733604575
0.4681505421754176
0.46792455155446927
0.4680946875868256
0.4676439940026581
0.46732786673681687
0.4670649379540613
0.46926668458509874
0.4676982180311289
0.4666252779629351
0.4664337935655214
0.46611233154017195
0.4660015569434766
0.4659820671083521
0.46669032314899916
0.4652942789845252
0.465315385045595
0.4649389579311311
0.46466859957283807
0.46526053364951464
0.46432323438886575
0.4671108347971859
0.4644010878645802
0.46382638106652263
0.46405729670496876
0.4634732905007222
