17.31944668876144
3.6835746526884616
3.426525535364623
5.705708095699555
3.9797895203767815
2.6204758501913465
nan
nan
nan
nan
nan
nan
nan
nan
nan
387590981687914
1.8148303381551893
1.7674868163234758
1.7335479130160127
1.7267415532506447
1.684032997235562
1.6734767790754597
1.6650450614420493
1.6568075720959712
1.6477265164366188
1.6394400896211236
1.6264125210547151
1.6148587746635443
1.6038242869279578
1.5926774074151582
1.5819074752774382
1.5713326634125533
1.459126885041236
1.3545810196765964
1.2706825601996605
1.1802544760281304
1.1096609205566679
1.0329094094390685
0.9784677466761148
0.9165433115253397
0.9295636260224716
1.2515851372517122
0.8177346508382631
0.9469858635311926
0.6200889813941842
0.6088392213280841
0.5625115707957804
0.6756859962212081
0.6112549223837112
0.6286245268706223
0.49553382062682727
0.49521794422688425
0.48792156400357245
0.4970243687438344
0.48153068198939064
0.4777107343089841
0.4751242290780001
0.474294756517851
0.47367948544671684
0.4731583870199702
0.47269730748050975
0.472308074214195
0.4719635787167869
0.4716719010795664
0.47138979913103035
0.47111330549054053
0.4708464196607742
