14.828899346618575
6.777966943252967
5.646897024572326
4.966367168643537
4.4122694799987325
4.088399986837351
3.901054932165627
3.2995514734457903
3.1502618625028265
3.0616355668651796
2.984173271469646
2.899038740859569
2.85737274286567
2.7894952580860624
2.754128602341607
2.7217854330226148
2.6838760351630326
2.6517526669518388
2.6198861922669687
2.5538701922350917
2.4917789471883163
2.4322918070342094
2.3724768207937545
2.3163041343271127
2.25938066384129
1.941290797390673
1.7162611311099263
1.6411543869501806
1.7978373840125348
1.4768314848158246
1.5489997415209082
1.039575378918454
1.0824216085044938
1.0220799861092753
0.9231281455757723
0.9002602892440903
0.8591678730666745
0.6838991960720382
0.6791498991546411
0.6582870140634329
0.656078794792665
0.6523476154211022
0.6415792759051169
0.62129695246402
0.6189069202483273
0.6174956565922136
0.6147275764585376
0.6130610810276875
0.611473590228018
0.6106341960613355
0.6100747024730286
0.6095285443322974
0.6089934892194794
0.6084623741557911
0.6079368900204302
0.6051950844357425
0.6025082044612269
0.5998711530408751
0.5972792495370678
0.5947201793956021
